0.00000003107050616790729691274464130402
-0.00000242922510551579762250185012817383
0.00000000108401176923678121966077014804
0.00000008774290449764521326869726181030
0.06457916647195816040039062500000000000
-0.00000000000013556130773039604120455692
0.00013251970813143998384475708007812500
-0.00000000000029601920415768534500244868
0.00000000000000000000009579084329557191
0.00093108712462708353996276855468750000
-0.00000000026811566855577950718725332990
0.00000612499979979475028812885284423828
-0.00000000000000000000002015932150026123
-0.00000000043719064479752489660313585773
-0.00000000000000000000000538416342702885
-0.00000736038646209635771811008453369141
-0.00000000044598766346659601822466356680
-0.00000000000000000013811044361946354627
-0.00000826984887680737301707267761230469
0.00000000042367576114088478789199143648
0.00000000000000000000002584090757666375
-0.00000900763734534848481416702270507812
0.00000000000000002594803046724538807179
0.00000000000000000000000421505302726004
-0.00001440523283235961571335792541503906
0.00000000000000000000002484549448746329
0.00000000000000000000001343914955503732
-0.00013899756595492362976074218750000000
0.30587759613990783691406250000000000000